100150960561 11 -6 -63 8.06
100150960561 11 -5 -66 6.08
100345492994 11 44 26 5.83
100345492994 11 45 30 9.85
100345492994 11 51 28 12.21
100410097983 11 33 -34 4.47
100443475213 11 71 7 6.4
100555568535 11 51 -33 2.0
100567703415 11 10 48 1.0
100632431910 11 46 9 5.39
100632431910 11 47 6 2.24
100727970734 11 -6 -48 3.16
100783514616 11 38 30 10.0
100783514616 11 39 29 8.6
100783514616 11 44 30 8.0
100901710775 11 -52 -12 7.81
100950914832 11 38 48 1.41
101090017009 11 -1 -58 4.47
101090017009 11 2 -58 4.12
101366234914 11 -16 37 2.0
101465575443 11 -6 -60 6.4
101556803008 11 49 -50 6.71
101842332555 11 -9 64 3.16
101842332555 11 -4 66 3.61
101906863483 11 -57 10 7.07
101906863483 11 -56 10 7.0
101906863483 11 -56 11 6.0
102110701588 11 -46 42 2.24
102110701588 11 -46 44 1.0
102603056146 11 57 -30 5.1
102857403241 11 -60 -44 5.0
102857403241 11 -57 -45 5.0
102893784947 11 -35 -39 10.0
102893784947 11 -35 -38 9.22
103102465161 11 40 -22 0.0    X
103102465161 11 40 -21 1.0
103136361499 11 1 62 6.32
103437402060 11 51 34 5.39
103467555706 11 67 0 3.16
103467555706 11 70 0 3.61
103548627313 11 -39 32 5.1
103548627313 11 -38 33 4.0
103625302190 11 -35 47 7.21
103635203867 11 17 52 7.62
103634737522 11 59 0 8.49
103690442566 11 -1 74 3.16
103923177288 11 24 -32 8.6
104083025518 11 58 -9 3.16
104083025518 11 59 -13 2.24
104083025518 11 60 -12 3.0
104100244531 11 24 -51 9.0
104100244531 11 26 -48 7.62
104179440917 11 -45 -2 4.12
104276679342 11 62 -19 3.61
104348488316 11 44 -13 4.0
104349008474 11 -35 -33 5.39
104349008474 11 -32 -35 5.83
104375871394 11 10 -52 7.62
104575565020 11 30 39 3.16
104633511848 11 17 -47 7.07
104678415122 11 -42 9 3.16
104678415122 11 -38 7 7.07
104727313309 11 60 -9 4.12
104927521660 11 -20 -57 5.66
104929520934 11 32 -51 6.32
104929520934 11 36 -52 2.24
104938807523 11 52 -27 10.44
105027757077 11 -49 -16 7.28
105078413780 11 -57 26 7.07
105078413780 11 -56 24 5.0
105078413780 11 -54 22 2.24
105078413780 11 -54 24 3.61
105078413780 11 -54 25 4.47
105078413780 11 -53 23 2.24
105078413780 11 -53 24 3.16
105097556445 11 -47 29 5.66
105200503493 11 47 -1 10.3
105299135445 11 64 -23 6.4
105367612378 11 -39 -18 2.0
105426812907 11 20 36 7.28
105426812907 11 21 37 6.08
105511124037 11 34 -33 0.0
105560051079 11 -45 52 8.54
105602996189 11 8 44 5.83
105602996189 11 13 42 3.61
105667391752 11 11 -46 2.24
105759429475 11 17 -64 3.0
105763072562 11 44 -33 7.28
105851885716 11 9 63 2.24
105911885307 11 -43 20 5.0
105935567768 11 38 -37 9.43
106001298192 11 -58 20 6.71
106001298192 11 -54 20 9.22
106005745942 11 42 13 5.1
106005745942 11 45 15 7.28
106022337749 11 -26 -44 6.08
106022337749 11 -24 -45 4.0
106020923150 11 -27 -34 9.43
106020923150 11 -25 -34 8.54
106213119037 11 12 66 2.83
106235997832 11 28 38 4.12    X
106235997832 11 29 39 3.0
106235997832 11 30 39 2.0
106235997832 11 31 40 1.41
106251015205 11 17 -44 2.83
106251015205 11 20 -43 5.83
106373592393 11 -5 51 6.0
106373592393 11 -3 50 5.39
106636076958 11 -15 -51 5.83
106879278326 11 47 -14 1.0
107150350279 11 -46 -62 6.08
107346781889 11 28 -33 4.24
107399114793 11 -45 28 5.39
107558113239 11 -58 17 5.0
108343728331 11 47 -34 5.66
108343728331 11 50 -34 4.12
108343728331 11 53 -35 3.61
108472473257 11 59 10 2.24
108571159956 11 1 -58 4.47
108577878982 11 -23 -40 7.0
108648387827 11 -29 25 4.12
108648387827 11 -27 29 1.0
108661427636 11 -29 45 4.12
108661427636 11 -28 50 6.71
108755811285 11 41 9 7.62
108755811285 11 41 12 5.0
108776202300 11 45 18 7.07
108776202300 11 47 20 7.62
108804916688 11 -70 4 2.83
108804916688 11 -67 6 4.12
109055988675 11 -44 49 5.1
109351701910 11 -59 18 9.06
109405079192 11 29 -50 8.94
109451234779 11 -35 -8 9.49
109451234779 11 -33 -10 8.6
109478294313 11 -46 -44 5.83
109594338594 11 12 -59 3.16
109594338594 11 14 -61 3.16
109594338594 11 15 -59 1.0
109617167472 11 -39 28 1.41
109664149907 11 -58 2 6.71
109664149907 11 -57 -1 5.0
109664149907 11 -56 3 8.6
109664149907 11 -55 1 7.81
109817152987 11 -31 -40 10.2
109903528508 11 -6 -52 4.24
110296456530 11 54 29 8.06
110369680390 11 -39 -15 5.83
110369680390 11 -39 -12 5.0
110383083912 11 -2 -51 9.43
110383083912 11 2 -50 7.21
110383083912 11 3 -52 5.0
110393524993 11 35 -18 4.12
110393524993 11 36 -17 5.39
110393524993 11 38 -17 6.4
110429314761 11 -60 -17 5.0
110431136127 11 -23 -53 4.24
110663660368 11 48 -6 9.22
110663660368 11 49 -4 8.94
110712701478 11 65 18 2.0
110696427545 11 8 -56 5.39
110759986507 11 -5 -38 9.22
110759986507 11 -4 -42 8.25
110773324445 11 -46 4 4.24
110872536670 11 15 59 8.06
110872536670 11 15 60 8.94
110872536670 11 16 61 9.49
110925178007 11 -35 -31 3.16
110925178007 11 -32 -33 6.08
111276074270 11 -47 43 2.24
111298323897 11 -62 11 9.43
111355233931 11 50 43 4.12
111355233931 11 53 39 5.1
111449750904 11 48 -22 5.83
111449750904 11 49 -19 4.0
111449750904 11 50 -22 4.24
111630532957 11 -33 42 6.0
111630532957 11 -27 44 7.21
111665182442 11 56 -12 7.07
111665182442 11 57 -15 8.94
111665182442 11 58 -7 3.0
111778602194 11 37 -63 4.24
111778602194 11 38 -65 5.39
111890140428 11 3 -47 2.83
111890140428 11 6 -45 6.4
112075687785 11 47 14 2.0
112121577639 11 36 53 4.0
112121577639 11 37 52 3.16
112172946388 11 -36 27 4.47
112196752481 11 -13 -52 7.21
112196752481 11 -12 -56 5.39
112196752481 11 -12 -55 5.83
112196752481 11 -9 -55 8.54
112198212837 11 42 -25 4.47
112198212837 11 45 -23 1.0
112198212837 11 46 -24 1.0
112400808635 11 13 59 7.0
112806542769 11 19 59 3.61
112911406696 11 68 20 5.39
112911406696 11 71 17 9.43
113123962782 11 26 -37 10.2
113162069373 11 -23 63 4.47
113354014417 11 60 17 5.0
113548968522 11 46 -33 4.12
113548968522 11 48 -37 3.61
113548968522 11 48 -30 4.47
113591608338 11 -11 41 5.66
113591608338 11 -10 40 7.07
113591608338 11 -9 41 7.21
113672807364 11 -18 -65 6.0   X
113672807364 11 -15 -62 9.49
113781946044 11 -33 41 8.06
113781946044 11 -33 48 4.0
113979437013 11 -24 -37 4.12
113979437013 11 -23 -34 7.0
114008335535 11 -41 46 4.47
114129725114 11 -9 70 1.41
114134676857 11 -63 -20 9.22
114134676857 11 -59 -21 6.32
114177903354 11 44 -40 3.16  X Offest by 3
114177903354 11 44 -38 5.1
114177903354 11 46 -42 1.41
114213382877 11 -14 45 5.66
114372237370 11 -7 -53 3.16
114374731063 12 55 -35 8.06
114505002063 11 -39 60 11.7
114633806172 11 34 -36 1.0
114633806172 11 36 -36 3.0
114835140970 11 59 6 7.21
114946694532 11 -41 28 1.0   #
114946694532 11 -40 28 1.41
114946694532 11 -39 27 2.0
114971913293 11 -43 35 2.24
115014522056 11 -11 36 4.24
115022436468 11 -13 65 2.83
115019924953 11 47 5 5.0
115073128571 11 1 47 7.81
115175840355 11 -13 55 3.61
115175840355 11 -8 53 3.16
115260840388 11 -2 -50 6.32
115260840388 11 1 -48 9.0
115260840388 11 1 -47 9.06
115260840388 11 1 -46 9.22
115481269035 11 28 33 5.66
115481269035 11 30 35 6.32
115583802637 11 -58 51 5.83
115583802637 11 -57 48 2.83
115606206408 11 27 -40 6.08
115606206408 11 29 -42 8.54
115683909085 11 48 -40 5.0
115733958817 11 33 20 2.24
115752831872 11 49 -21 5.0
115851821258 11 -58 36 7.07
115932533809 11 26 -58 4.0
115950018827 11 -17 62 4.12
115950018827 11 -15 58 8.06
115993116672 11 -39 -29 2.83
116086260612 11 -42 -27 7.81
116086260612 11 -38 -28 6.32
116211144749 11 25 -33 4.0
116211144749 11 25 -30 5.0
116270020574 11 41 -43 6.32
116278276435 11 24 -59 5.0
116301896704 11 49 20 1.0
116301896704 11 50 25 6.08
116301896704 11 51 18 2.24
116301896704 11 51 24 5.39
116351433360 11 -47 6 6.0
116492251166 11 21 57 6.71
116578990805 11 31 -38 2.24
116728492823 11 -62 -6 2.83
116872021068 11 23 -62 4.12
116931916028 11 -46 -24 7.21
116931916028 11 -43 -25 7.07
117055904997 11 -41 1 6.32
117055904997 11 -35 1 7.21
117156015462 11 31 25 5.1
117156015462 11 31 26 4.12
117156015462 11 32 27 3.61
117264215772 11 -45 4 4.12
117344485588 11 -64 7 2.0
117360898896 11 56 5 3.0
117360898896 11 59 6 3.61
117360898896 11 61 6 5.39
117420938708 11 -46 -27 10.0
117420938708 11 -45 -28 8.6
117420938708 11 -41 -28 5.83
117442364454 11 -11 -73 6.32
117442364454 11 -8 -73 7.81
117493008123 11 -3 -50 1.41
117493008123 11 -2 -50 1.0
117608395385 11 -21 70 10.63
117608395385 11 -17 70 8.54
117617600373 11 -3 -54 1.0
117646727225 11 -44 -33 8.94
117731468198 11 15 -58 0.0
118051633147 11 6 -47 4.24
118322273498 11 56 20 6.4
118427847380 11 51 -11 5.0
118427847380 11 52 -12 5.0
118466961582 11 -42 24 6.71
118466961582 11 -40 22 8.06
118519924138 11 59 18 3.61
118519924138 11 61 17 2.0
118519924138 11 61 23 8.0
118567757971 11 -16 -43 5.1
118567757971 11 -15 -41 4.12
118567757971 11 -14 -42 3.0
118649703830 11 5 -39 7.07
118829255397 11 -40 34 8.06
119006141053 11 -48 17 3.16
119140808833 11 46 1 8.06
119140808833 11 47 -1 7.62
119171868306 11 47 14 1.41
119171868306 11 50 13 4.0
119171868306 11 52 16 6.71
119319970126 11 60 -11 5.39
119319970126 11 64 -10 9.49
119362631052 11 15 71 2.24
119401666490 11 10 -54 4.24
119401666490 11 11 -50 8.06
119439791606 11 20 -43 5.83   #
119439791606 11 22 -43 7.07
119439791606 11 23 -43 7.81
119564640863 11 -40 -33 5.0
119564640863 11 -39 -31 5.1
119637555891 11 -30 -52 1.0
119692265577 11 20 38 2.0
119692265577 11 20 39 2.24
119692265577 11 22 39 1.0
119875373330 11 52 -33 5.66
119875373330 11 56 -35 2.0
119937692946 11 47 39 6.08   X
119937692946 11 49 41 8.06
119937692946 11 49 44 11.05
119937692946 11 50 36 3.61
119937692946 11 50 41 8.25
120014045363 11 53 41 5.83
120014045363 11 56 41 5.0
120022449352 11 -31 49 8.6
120022449352 11 -30 51 8.54
120097229103 11 -58 -8 6.0
120167519628 11 -29 45 8.06   X
120167519628 11 -24 50 9.22
120167519628 11 -23 47 6.08
120205056990 11 9 -59 7.81
120512387666 11 60 23 8.25
120512387666 11 61 18 4.24
120512387666 11 61 22 7.62
120535841116 11 77 -9 8.54
120535841116 11 79 -6 10.0
120585575274 11 24 -32 4.12
120681040312 11 50 53 5.0
120754976077 11 24 70 4.47
120754976077 11 26 68 4.47
120759220089 11 7 -60 8.06
120788806649 11 22 28 7.21
120851795121 11 -5 39 8.54
121168876754 11 -39 -47 6.71
121289630987 11 51 41 1.0
121289630987 11 51 42 1.41
121289630987 11 54 39 2.83
